[Filter]
DistortionRate=0.50
DistortionPoint=3.3e6
VoiceNonlinearity        =0.9613160610660189
DistortionCFThreshold=1.5e-4
Type3BaseResistance      =1147036.4394268463
Type3Offset              =274228796.97550374
Type3Steepness           =1.0066634233403395
Type3MinimumFETResistance=16125.154840564108

