[Filter]
DistortionRate=0.50
DistortionPoint=3.3e6
VoiceNonlinearity        =0.96
DistortionCFThreshold=1.5e-4
Type3BaseResistance      =1090649.9265298771
Type3Offset              =264401456.3944572
Type3Steepness           =1.0145069244334666
Type3MinimumFETResistance=19890.786352277173

