[Filter]
DistortionRate=0.50
DistortionPoint=3.3e6
VoiceNonlinearity        =0.96
DistortionCFThreshold=1.5e-4
Type3BaseResistance      =1585454.0607309118
Type3Offset              =97702791.79673694
Type3Steepness           =1.0053036856077033
Type3MinimumFETResistance=14497.859765307807

