[Filter]
DistortionRate=0.50
DistortionPoint=3.3e6
VoiceNonlinearity        =0.96
DistortionCFThreshold=1.5e-4
Type3BaseResistance=1590881.4720854638
Type3Offset=32349044.218055427
Type3Steepness=1.005583147929036
Type3MinimumFETResistance=16357.252396224501

